SIN0=(0.6210793729635207,1.0,-1.7700000000000014,MASK0)
SIN1=(0.27994607882569633,2.0,1.7000000000000013,MASK0)
SIN2=(0.9736660405524022,3.0,-2.289999999999995,MASK0)
SIN3=(0.3301087806935575,4.0,-0.03,MASK0)
SIN4=(0.6189435497625493,5.0,-2.6499999999999875,MASK0)
SIN5=(0.6302591325092078,6.0,-0.19000000000000003,MASK0)
SIN6=(0.16477938324854405,7.0,-2.3699999999999934,MASK0)
SIN7=(0.3247105225894902,9.0,-2.7499999999999853,MASK0)
SIN8=(0.12724696984093326,10.0,2.909999999999982,MASK0)
SIN9=(0.07197758666028913,13.0,-0.5800000000000003,MASK0)
SIN10=(0.1485080163926713,15.0,0.060000000000000005,MASK0)
SIN11=(0.1341468002716284,17.5,-2.159999999999998,MASK0)
SIN12=(0.17500141578165868,20.5,-1.360000000000001,MASK0)
SIN13=(0.1937797306403539,21.5,0.4200000000000002,MASK0)
SIN14=(0.26418624923795037,22.5,-1.340000000000001,MASK0)
SIN15=(0.14572963978360637,23.5,-2.5499999999999896,MASK0)
SIN16=(0.06036300232816878,28.5,0.24000000000000005,MASK0)
SIN17=(0.1495365381442477,31.0,-2.6499999999999875,MASK0)
SIN18=(0.03177946661211662,37.5,-0.4400000000000002,MASK0)
SIN19=(0.055794238083624235,41.0,0.3100000000000001,MASK0)
SIN20=(0.12227340515370691,39.5,-3.469446951953614e-18,MASK0)
SIN21=(0.0956943408134582,35.0,0.05,MASK0)
SIN22=(0.13359645755928423,29.5,0.12999999999999998,MASK0)
SIN23=(0.07057526318106101,26.5,0.6500000000000004,MASK0)
SIN24=(0.19377973064035392,21.5,0.4200000000000002,MASK0)
SIN25=(0.17500141578165868,20.5,-1.360000000000001,MASK0)
SIN26=(0.17380560344659549,19.5,0.4700000000000002,MASK0)
SIN27=(0.14330817580474636,15.5,-0.25000000000000006,MASK0)
SIN28=(0.07197758666028913,13.0,-0.5800000000000003,MASK0)
SIN29=(0.1657548550731498,10.5,-0.6800000000000004,MASK0)
SIN30=(0.22363820809457047,7.5,3.0199999999999796,MASK0)
SIN31=(0.16477938324854408,7.0,-2.3699999999999934,MASK0)
SIN32=(0.6189435497625493,5.0,-2.6499999999999875,MASK0)
SIN33=(0.3301087806935575,4.0,-0.03,MASK0)
SIN34=(0.9736660405524022,3.0,-2.289999999999995,MASK0)
SIN35=(0.27994607882569633,2.0,1.7000000000000013,MASK0)
SIN36=(0.6210793729635207,1.0,-1.7700000000000014,MASK0)
