SIN0=(5.213419978229816,1.0,3.099999999999978,MASK0)
SIN1=(2.311975661488095,2.0,-1.7900000000000014,MASK0)
SIN2=(0.6291768664962831,3.0,-3.049999999999979,MASK0)
SIN3=(0.5053564462701081,4.0,-2.9399999999999813,MASK0)
SIN4=(5.213419978229816,1.0,3.099999999999978,MASK0)
