samples/rosgenC4/vanilla/vanilla.asc
ncols         769
nrows         148
xllcorner     100
yllcorner     26
cellsize      1
NODATA_value  -9999
[rows 28 to 55 of 148, columns 63 to 125 of 769]
1103.037 1103.034 1103.03 1103.027 1103.024 1103.021 1103.017 1103.014 1103.011 1103.007 1103.004 1103.001 1102.998 1102.994 1102.991 1102.988 1102.984 1102.981 1102.978 1102.974 1102.971 1102.968 1102.965 1102.961 1102.958 1102.955 1102.951 1102.948 1102.945 1102.941 1102.938 1102.935 1102.932 1102.928 1102.925 1102.922 1102.918 1102.915 1102.912 1102.908 1102.905 1102.902 1102.899 1102.895 1102.892 1102.889 1102.885 1102.882 1102.879 1102.875 1102.872 1102.869 1102.866 1102.862 1102.859 1102.856 1102.852 1102.849 1102.846 1102.842 1102.839 1102.836 1102.832
1102.97 1102.967 1102.964 1102.96 1102.958 1102.954 1102.95 1102.948 1102.944 1102.94 1102.938 1102.934 1102.931 1102.927 1102.924 1102.921 1102.917 1102.914 1102.911 1102.907 1102.905 1102.901 1102.898 1102.895 1102.891 1102.888 1102.885 1102.881 1102.878 1102.875 1102.871 1102.869 1102.865 1102.861 1102.859 1102.855 1102.851 1102.849 1102.845 1102.841 1102.839 1102.835 1102.832 1102.828 1102.825 1102.822 1102.818 1102.815 1102.812 1102.808 1102.806 1102.802 1102.799 1102.796 1102.792 1102.789 1102.786 1102.782 1102.779 1102.776 1102.772 1102.769 1102.766
1102.904 1102.9 1102.897 1102.894 1102.891 1102.887 1102.884 1102.881 1102.877 1102.874 1102.871 1102.868 1102.864 1102.861 1102.858 1102.854 1102.851 1102.848 1102.844 1102.841 1102.838 1102.835 1102.831 1102.828 1102.825 1102.821 1102.818 1102.815 1102.811 1102.808 1102.805 1102.802 1102.798 1102.795 1102.792 1102.788 1102.785 1102.782 1102.778 1102.775 1102.772 1102.769 1102.765 1102.762 1102.759 1102.755 1102.752 1102.749 1102.745 1102.742 1102.739 1102.736 1102.732 1102.729 1102.726 1102.722 1102.719 1102.716 1102.712 1102.709 1102.706 1102.702 1102.699
1102.837 1102.834 1102.83 1102.827 1102.824 1102.821 1102.817 1102.814 1102.811 1102.807 1102.804 1102.801 1102.798 1102.794 1102.791 1102.788 1102.784 1102.781 1102.778 1102.774 1102.771 1102.768 1102.765 1102.761 1102.758 1102.755 1102.751 1102.748 1102.745 1102.741 1102.738 1102.735 1102.732 1102.728 1102.725 1102.722 1102.718 1102.715 1102.712 1102.708 1102.705 1102.702 1102.699 1102.695 1102.692 1102.689 1102.685 1102.682 1102.679 1102.675 1102.672 1102.669 1102.666 1102.662 1102.659 1102.656 1102.652 1102.649 1102.646 1102.642 1102.639 1102.636 1102.632
1102.771 1102.767 1102.763 1102.76 1102.758 1102.754 1102.75 1102.748 1102.744 1102.74 1102.738 1102.734 1102.731 1102.728 1102.724 1102.721 1102.718 1102.714 1102.711 1102.708 1102.705 1102.701 1102.698 1102.695 1102.691 1102.688 1102.685 1102.682 1102.678 1102.675 1102.672 1102.668 1102.665 1102.661 1102.658 1102.655 1102.651 1102.648 1102.645 1102.641 1102.638 1102.635 1102.632 1102.628 1102.625 1102.622 1102.618 1102.615 1102.612 1102.609 1102.605 1102.603 1102.599 1102.595 1102.593 1102.589 1102.585 1102.583 1102.579 1102.575 1102.573 1102.569 1102.565
1102.704 1102.7 1102.697 1102.694 1102.691 1102.687 1102.684 1102.681 1102.677 1102.674 1102.671 1102.668 1102.664 1102.661 1102.658 1102.654 1102.651 1102.648 1102.644 1102.641 1102.638 1102.635 1102.631 1102.628 1102.625 1102.621 1102.618 1102.615 1102.611 1102.608 1102.605 1102.602 1102.598 1102.595 1102.592 1102.588 1102.585 1102.582 1102.578 1102.575 1102.572 1102.569 1102.565 1102.562 1102.559 1102.555 1102.552 1102.549 1102.545 1102.542 1102.539 1102.536 1102.532 1102.529 1102.526 1102.522 1102.519 1102.516 1102.512 1102.509 1102.506 1102.502 1102.499
1102.637 1102.634 1102.63 1102.627 1102.624 1102.621 1102.617 1102.614 1102.611 1102.607 1102.604 1102.601 1102.598 1102.594 1102.591 1102.588 1102.584 1102.581 1102.578 1102.574 1102.571 1102.568 1102.565 1102.561 1102.558 1102.555 1102.551 1102.548 1102.545 1102.541 1102.538 1102.535 1102.532 1102.528 1102.525 1102.522 1102.518 1102.515 1102.512 1102.508 1102.505 1102.502 1102.499 1102.495 1102.492 1102.489 1102.485 1102.482 1102.479 1102.475 1102.472 1102.469 1102.466 1102.462 1102.459 1102.456 1102.452 1102.449 1102.446 1102.442 1102.439 1102.436 1102.432
1102.571 1102.567 1102.563 1102.561 1102.557 1102.554 1102.551 1102.547 1102.544 1102.541 1102.537 1102.535 1102.531 1102.527 1102.525 1102.521 1102.517 1102.515 1102.511 1102.508 1102.505 1102.501 1102.498 1102.495 1102.491 1102.488 1102.484 1102.482 1102.478 1102.474 1102.472 1102.469 1102.465 1102.462 1102.458 1102.455 1102.452 1102.448 1102.445 1102.442 1102.438 1102.436 1102.432 1102.428 1102.426 1102.422 1102.418 1102.416 1102.412 1102.409 1102.406 1102.402 1102.399 1102.396 1102.392 1102.389 1102.385 1102.383 1102.379 1102.375 1102.373 1102.369 1102.365
1102.504 1102.5 1102.497 1102.494 1102.491 1102.487 1102.484 1102.481 1102.477 1102.474 1102.471 1102.468 1102.464 1102.461 1102.458 1102.454 1102.451 1102.448 1102.444 1102.441 1102.438 1102.435 1102.431 1102.428 1102.425 1102.421 1102.418 1102.415 1102.411 1102.408 1102.405 1102.402 1102.398 1102.395 1102.392 1102.388 1102.385 1102.382 1102.378 1102.375 1102.372 1102.369 1102.365 1102.362 1102.359 1102.355 1102.352 1102.349 1102.345 1102.342 1102.339 1102.336 1102.332 1102.329 1102.326 1102.322 1102.319 1102.316 1102.312 1102.309 1102.306 1102.302 1102.299
1102.437 1102.434 1102.43 1102.427 1102.424 1102.421 1102.417 1102.414 1102.411 1102.407 1102.404 1102.401 1102.398 1102.394 1102.391 1102.388 1102.384 1102.381 1102.378 1102.374 1102.371 1102.368 1102.365 1102.361 1102.358 1102.355 1102.351 1102.348 1102.345 1102.341 1102.338 1102.335 1102.332 1102.328 1102.325 1102.322 1102.318 1102.315 1102.312 1102.308 1102.305 1102.302 1102.299 1102.295 1102.292 1102.289 1102.285 1102.282 1102.279 1102.275 1102.272 1102.269 1102.266 1102.262 1102.259 1102.256 1102.252 1102.249 1102.246 1102.242 1102.239 1102.236 1102.232
1102.37 1102.367 1102.364 1102.36 1102.358 1102.354 1102.35 1102.348 1102.344 1102.34 1102.338 1102.334 1102.331 1102.328 1102.324 1102.321 1102.318 1102.314 1102.311 1102.307 1102.305 1102.302 1102.298 1102.295 1102.292 1102.288 1102.285 1102.281 1102.278 1102.275 1102.271 1102.269 1102.265 1102.261 1102.259 1102.255 1102.251 1102.249 1102.245 1102.241 1102.239 1102.235 1102.232 1102.229 1102.225 1102.222 1102.219 1102.215 1102.212 1102.208 1102.206 1102.203 1102.199 1102.196 1102.193 1102.189 1102.186 1102.182 1102.179 1102.176 1102.172 1102.169 1102.166
1102.304 1102.3 1102.297 1102.294 1102.291 1102.287 1102.284 1102.281 1102.277 1102.274 1102.271 1102.268 1102.264 1102.261 1102.258 1102.254 1102.251 1102.248 1102.244 1102.241 1102.238 1102.235 1102.231 1102.228 1102.225 1102.221 1102.218 1102.215 1102.211 1102.208 1102.205 1102.202 1102.198 1102.195 1102.192 1102.188 1102.185 1102.182 1102.178 1102.175 1102.172 1102.169 1102.165 1102.162 1102.159 1102.155 1102.152 1102.149 1102.145 1102.142 1102.139 1102.136 1102.132 1102.129 1102.126 1102.122 1102.119 1102.116 1102.112 1102.109 1102.106 1102.102 1102.099
1102.237 1102.234 1102.23 1102.227 1102.224 1102.221 1102.217 1102.214 1102.211 1102.207 1102.204 1102.201 1102.198 1102.194 1102.191 1102.188 1102.184 1102.181 1102.178 1102.174 1102.171 1102.168 1102.165 1102.161 1102.158 1102.155 1102.151 1102.148 1102.145 1102.141 1102.138 1102.135 1102.132 1102.128 1102.125 1102.122 1102.118 1102.115 1102.112 1102.108 1102.105 1102.102 1102.099 1102.095 1102.092 1102.089 1102.085 1102.082 1102.079 1102.075 1102.072 1102.069 1102.066 1102.062 1102.059 1102.056 1102.052 1102.049 1102.046 1102.042 1102.039 1102.036 1102.032
1102.171 1102.167 1102.163 1102.161 1102.157 1102.154 1102.151 1102.147 1102.144 1102.141 1102.137 1102.135 1102.131 1102.127 1102.125 1102.121 1102.117 1102.115 1102.111 1102.108 1102.104 1102.101 1102.098 1102.094 1102.091 1102.088 1102.084 1102.082 1102.078 1102.074 1102.072 1102.068 1102.065 1102.062 1102.058 1102.055 1102.052 1102.048 1102.045 1102.042 1102.038 1102.036 1102.032 1102.028 1102.026 1102.022 1102.018 1102.016 1102.012 1102.009 1102.005 1102.002 1101.999 1101.995 1101.992 1101.989 1101.985 1101.983 1101.979 1101.975 1101.973 1101.969 1101.965
1102.104 1102.1 1102.097 1102.094 1102.091 1102.087 1102.084 1102.081 1102.077 1102.074 1102.071 1102.068 1102.064 1102.061 1102.058 1102.054 1102.051 1102.048 1102.044 1102.041 1102.038 1102.035 1102.031 1102.028 1102.025 1102.021 1102.018 1102.015 1102.011 1102.008 1102.005 1102.002 1101.998 1101.995 1101.992 1101.988 1101.985 1101.982 1101.978 1101.975 1101.972 1101.969 1101.965 1101.962 1101.959 1101.955 1101.952 1101.949 1101.945 1101.942 1101.939 1101.936 1101.932 1101.929 1101.926 1101.922 1101.919 1101.916 1101.912 1101.909 1101.906 1101.902 1101.899
1102.037 1102.034 1102.03 1102.027 1102.024 1102.021 1102.017 1102.014 1102.011 1102.007 1102.004 1102.001 1101.998 1101.994 1101.991 1101.988 1101.984 1101.981 1101.978 1101.974 1101.971 1101.968 1101.965 1101.961 1101.958 1101.955 1101.951 1101.948 1101.945 1101.941 1101.938 1101.935 1101.932 1101.928 1101.925 1101.922 1101.918 1101.915 1101.912 1101.908 1101.905 1101.902 1101.899 1101.895 1101.892 1101.889 1101.885 1101.882 1101.879 1101.875 1101.872 1101.869 1101.866 1101.862 1101.859 1101.856 1101.852 1101.849 1101.846 1101.842 1101.839 1101.836 1101.832
1101.97 1101.967 1101.964 1101.96 1101.958 1101.954 1101.95 1101.948 1101.944 1101.94 1101.938 1101.934 1101.931 1101.927 1101.924 1101.921 1101.917 1101.914 1101.911 1101.907 1101.905 1101.901 1101.898 1101.895 1101.891 1101.888 1101.885 1101.881 1101.878 1101.875 1101.871 1101.869 1101.865 1101.861 1101.859 1101.855 1101.851 1101.849 1101.845 1101.841 1101.839 1101.835 1101.832 1101.828 1101.825 1101.822 1101.818 1101.815 1101.812 1101.808 1101.806 1101.802 1101.799 1101.796 1101.792 1101.789 1101.786 1101.782 1101.779 1101.776 1101.772 1101.769 1101.766
1101.904 1101.9 1101.897 1101.894 1101.891 1101.887 1101.884 1101.881 1101.877 1101.874 1101.871 1101.868 1101.864 1101.861 1101.858 1101.854 1101.851 1101.848 1101.844 1101.841 1101.838 1101.835 1101.831 1101.828 1101.825 1101.821 1101.818 1101.815 1101.811 1101.808 1101.805 1101.802 1101.798 1101.795 1101.792 1101.788 1101.785 1101.782 1101.778 1101.775 1101.772 1101.769 1101.765 1101.762 1101.759 1101.755 1101.752 1101.749 1101.745 1101.742 1101.739 1101.736 1101.732 1101.729 1101.726 1101.722 1101.719 1101.716 1101.712 1101.709 1101.706 1101.702 1101.699
1101.837 1101.834 1101.83 1101.827 1101.824 1101.821 1101.817 1101.814 1101.811 1101.807 1101.804 1101.801 1101.798 1101.794 1101.791 1101.788 1101.784 1101.781 1101.778 1101.774 1101.771 1101.768 1101.765 1101.761 1101.758 1101.755 1101.751 1101.748 1101.745 1101.741 1101.738 1101.735 1101.732 1101.728 1101.725 1101.722 1101.718 1101.715 1101.712 1101.708 1101.705 1101.702 1101.699 1101.695 1101.692 1101.689 1101.685 1101.682 1101.679 1101.675 1101.672 1101.669 1101.666 1101.662 1101.659 1101.656 1101.652 1101.649 1101.646 1101.642 1101.639 1101.636 1101.632
1101.771 1101.767 1101.763 1101.76 1101.758 1101.754 1101.75 1101.748 1101.744 1101.74 1101.738 1101.734 1101.731 1101.728 1101.724 1101.721 1101.718 1101.714 1101.711 1101.708 1101.705 1101.701 1101.698 1101.695 1101.691 1101.688 1101.685 1101.682 1101.678 1101.675 1101.672 1101.668 1101.665 1101.661 1101.658 1101.655 1101.651 1101.648 1101.645 1101.641 1101.638 1101.635 1101.632 1101.628 1101.625 1101.622 1101.618 1101.615 1101.612 1101.609 1101.605 1101.603 1101.599 1101.595 1101.593 1101.589 1101.585 1101.583 1101.579 1101.575 1101.573 1101.569 1101.565
1101.704 1101.7 1101.697 1101.694 1101.691 1101.687 1101.684 1101.681 1101.677 1101.674 1101.671 1101.668 1101.664 1101.661 1101.658 1101.654 1101.651 1101.648 1101.644 1101.641 1101.638 1101.635 1101.631 1101.628 1101.625 1101.621 1101.618 1101.615 1101.611 1101.608 1101.605 1101.602 1101.598 1101.595 1101.592 1101.588 1101.585 1101.582 1101.578 1101.575 1101.572 1101.569 1101.565 1101.562 1101.559 1101.555 1101.552 1101.549 1101.545 1101.542 1101.539 1101.536 1101.532 1101.529 1101.526 1101.522 1101.519 1101.516 1101.512 1101.509 1101.506 1101.502 1101.499
1101.637 1101.634 1101.63 1101.627 1101.624 1101.621 1101.617 1101.614 1101.611 1101.607 1101.604 1101.601 1101.598 1101.594 1101.591 1101.588 1101.584 1101.581 1101.578 1101.574 1101.571 1101.568 1101.565 1101.561 1101.558 1101.555 1101.551 1101.548 1101.545 1101.541 1101.538 1101.535 1101.532 1101.528 1101.525 1101.522 1101.518 1101.515 1101.512 1101.508 1101.505 1101.502 1101.499 1101.495 1101.492 1101.489 1101.485 1101.482 1101.479 1101.475 1101.472 1101.469 1101.466 1101.462 1101.459 1101.456 1101.452 1101.449 1101.446 1101.442 1101.439 1101.436 1101.432
1101.571 1101.567 1101.563 1101.561 1101.557 1101.554 1101.551 1101.547 1101.544 1101.541 1101.537 1101.535 1101.531 1101.527 1101.525 1101.521 1101.517 1101.515 1101.511 1101.508 1101.505 1101.501 1101.498 1101.495 1101.491 1101.488 1101.484 1101.482 1101.478 1101.474 1101.472 1101.469 1101.465 1101.462 1101.458 1101.455 1101.452 1101.448 1101.445 1101.442 1101.438 1101.436 1101.432 1101.428 1101.426 1101.422 1101.418 1101.416 1101.412 1101.409 1101.406 1101.402 1101.399 1101.396 1101.392 1101.389 1101.385 1101.383 1101.379 1101.375 1101.373 1101.369 1101.365
1101.504 1101.5 1101.497 1101.494 1101.491 1101.487 1101.484 1101.481 1101.477 1101.474 1101.471 1101.468 1101.464 1101.461 1101.458 1101.454 1101.451 1101.448 1101.444 1101.441 1101.438 1101.435 1101.431 1101.428 1101.425 1101.421 1101.418 1101.415 1101.411 1101.408 1101.405 1101.402 1101.398 1101.395 1101.392 1101.388 1101.385 1101.382 1101.378 1101.375 1101.372 1101.369 1101.365 1101.362 1101.359 1101.355 1101.352 1101.349 1101.345 1101.342 1101.339 1101.336 1101.332 1101.329 1101.326 1101.322 1101.319 1101.316 1101.312 1101.309 1101.306 1101.302 1101.299
1101.437 1101.434 1101.43 1101.427 1101.424 1101.421 1101.417 1101.414 1101.411 1101.407 1101.404 1101.401 1101.398 1101.394 1101.391 1101.388 1101.384 1101.381 1101.378 1101.374 1101.371 1101.368 1101.365 1101.361 1101.358 1101.355 1101.351 1101.348 1101.345 1101.341 1101.338 1101.335 1101.332 1101.328 1101.325 1101.322 1101.318 1101.315 1101.312 1101.308 1101.305 1101.302 1101.299 1101.295 1101.292 1101.289 1101.285 1101.282 1101.279 1101.275 1101.272 1101.269 1101.266 1101.262 1101.259 1101.256 1101.252 1101.249 1101.246 1101.242 1101.239 1101.236 1101.232
1101.37 1101.367 1101.364 1101.36 1101.358 1101.354 1101.35 1101.348 1101.344 1101.34 1101.338 1101.334 1101.331 1101.328 1101.324 1101.321 1101.318 1101.314 1101.311 1101.307 1101.305 1101.302 1101.298 1101.295 1101.292 1101.288 1101.285 1101.281 1101.278 1101.275 1101.271 1101.269 1101.265 1101.261 1101.259 1101.255 1101.251 1101.249 1101.245 1101.241 1101.239 1101.235 1101.232 1101.229 1101.225 1101.222 1101.219 1101.215 1101.212 1101.208 1101.206 1101.203 1101.199 1101.196 1101.193 1101.189 1101.186 1101.182 1101.179 1101.176 1101.172 1101.169 1101.166
1101.304 1101.3 1101.297 1101.294 1101.291 1101.287 1101.284 1101.281 1101.277 1101.274 1101.271 1101.268 1101.264 1101.261 1101.258 1101.254 1101.251 1101.248 1101.244 1101.241 1101.238 1101.235 1101.231 1101.228 1101.225 1101.221 1101.218 1101.215 1101.211 1101.208 1101.205 1101.202 1101.198 1101.195 1101.192 1101.188 1101.185 1101.182 1101.178 1101.175 1101.172 1101.169 1101.165 1101.162 1101.159 1101.155 1101.152 1101.149 1101.145 1101.142 1101.139 1101.136 1101.132 1101.129 1101.126 1101.122 1101.119 1101.116 1101.112 1101.109 1101.106 1101.102 1101.099
1101.036 1101.031 1101.028 1101.021 1101.017 1101.012 1101.009 1101.002 1100.997 1100.991 1100.989 1100.982 1100.978 1100.972 1100.969 1100.963 1100.957 1100.954 1100.948 1100.942 1100.938 1100.934 1100.928 1100.923 1100.917 1100.914 1100.907 1100.903 1100.898 1100.895 1100.888 1100.883 1100.878 1100.875 1100.868 1100.864 1100.858 1100.855 1100.849 1100.843 1100.839 1100.835 1100.829 1100.823 1100.818 1100.815 1100.808 1100.804 1100.799 1100.796 1100.789 1100.784 1100.78 1100.776 1100.769 1100.764 1100.759 1100.756 1100.75 1100.744 1100.74 1100.736 1100.729
