samples/rosgenC4/vanilla/vanilla.asc
ncols         769
nrows         148
xllcorner     100
yllcorner     26
cellsize      1
NODATA_value  -9999
[rows 112 to 139 of 148, columns 63 to 125 of 769]
1102.571 1102.567 1102.563 1102.561 1102.557 1102.554 1102.551 1102.547 1102.544 1102.541 1102.537 1102.535 1102.531 1102.527 1102.525 1102.521 1102.517 1102.515 1102.511 1102.508 1102.505 1102.501 1102.498 1102.495 1102.491 1102.488 1102.484 1102.482 1102.478 1102.474 1102.472 1102.469 1102.465 1102.462 1102.458 1102.455 1102.452 1102.448 1102.445 1102.442 1102.438 1102.436 1102.432 1102.428 1102.426 1102.422 1102.418 1102.416 1102.412 1102.409 1102.406 1102.402 1102.399 1102.396 1102.392 1102.389 1102.385 1102.383 1102.379 1102.375 1102.373 1102.369 1102.365
1102.637 1102.634 1102.63 1102.627 1102.624 1102.621 1102.617 1102.614 1102.611 1102.607 1102.604 1102.601 1102.598 1102.594 1102.591 1102.588 1102.584 1102.581 1102.578 1102.574 1102.571 1102.568 1102.565 1102.561 1102.558 1102.555 1102.551 1102.548 1102.545 1102.541 1102.538 1102.535 1102.532 1102.528 1102.525 1102.522 1102.518 1102.515 1102.512 1102.508 1102.505 1102.502 1102.499 1102.495 1102.492 1102.489 1102.485 1102.482 1102.479 1102.475 1102.472 1102.469 1102.466 1102.462 1102.459 1102.456 1102.452 1102.449 1102.446 1102.442 1102.439 1102.436 1102.432
1102.704 1102.7 1102.697 1102.694 1102.691 1102.687 1102.684 1102.681 1102.677 1102.674 1102.671 1102.668 1102.664 1102.661 1102.658 1102.654 1102.651 1102.648 1102.644 1102.641 1102.638 1102.635 1102.631 1102.628 1102.625 1102.621 1102.618 1102.615 1102.611 1102.608 1102.605 1102.602 1102.598 1102.595 1102.592 1102.588 1102.585 1102.582 1102.578 1102.575 1102.572 1102.569 1102.565 1102.562 1102.559 1102.555 1102.552 1102.549 1102.545 1102.542 1102.539 1102.536 1102.532 1102.529 1102.526 1102.522 1102.519 1102.516 1102.512 1102.509 1102.506 1102.502 1102.499
1102.771 1102.767 1102.763 1102.76 1102.758 1102.754 1102.75 1102.748 1102.744 1102.74 1102.738 1102.734 1102.731 1102.728 1102.724 1102.721 1102.718 1102.714 1102.711 1102.708 1102.705 1102.701 1102.698 1102.695 1102.691 1102.688 1102.685 1102.682 1102.678 1102.675 1102.672 1102.668 1102.665 1102.661 1102.658 1102.655 1102.651 1102.648 1102.645 1102.641 1102.638 1102.635 1102.632 1102.628 1102.625 1102.622 1102.618 1102.615 1102.612 1102.609 1102.605 1102.603 1102.599 1102.595 1102.593 1102.589 1102.585 1102.583 1102.579 1102.575 1102.573 1102.569 1102.565
1102.837 1102.834 1102.83 1102.827 1102.824 1102.821 1102.817 1102.814 1102.811 1102.807 1102.804 1102.801 1102.798 1102.794 1102.791 1102.788 1102.784 1102.781 1102.778 1102.774 1102.771 1102.768 1102.765 1102.761 1102.758 1102.755 1102.751 1102.748 1102.745 1102.741 1102.738 1102.735 1102.732 1102.728 1102.725 1102.722 1102.718 1102.715 1102.712 1102.708 1102.705 1102.702 1102.699 1102.695 1102.692 1102.689 1102.685 1102.682 1102.679 1102.675 1102.672 1102.669 1102.666 1102.662 1102.659 1102.656 1102.652 1102.649 1102.646 1102.642 1102.639 1102.636 1102.632
1102.904 1102.9 1102.897 1102.894 1102.891 1102.887 1102.884 1102.881 1102.877 1102.874 1102.871 1102.868 1102.864 1102.861 1102.858 1102.854 1102.851 1102.848 1102.844 1102.841 1102.838 1102.835 1102.831 1102.828 1102.825 1102.821 1102.818 1102.815 1102.811 1102.808 1102.805 1102.802 1102.798 1102.795 1102.792 1102.788 1102.785 1102.782 1102.778 1102.775 1102.772 1102.769 1102.765 1102.762 1102.759 1102.755 1102.752 1102.749 1102.745 1102.742 1102.739 1102.736 1102.732 1102.729 1102.726 1102.722 1102.719 1102.716 1102.712 1102.709 1102.706 1102.702 1102.699
1102.97 1102.967 1102.964 1102.96 1102.958 1102.954 1102.95 1102.948 1102.944 1102.94 1102.938 1102.934 1102.931 1102.927 1102.924 1102.921 1102.917 1102.914 1102.911 1102.907 1102.905 1102.901 1102.898 1102.895 1102.891 1102.888 1102.885 1102.881 1102.878 1102.875 1102.871 1102.869 1102.865 1102.861 1102.859 1102.855 1102.851 1102.849 1102.845 1102.841 1102.839 1102.835 1102.832 1102.828 1102.825 1102.822 1102.818 1102.815 1102.812 1102.808 1102.806 1102.802 1102.799 1102.796 1102.792 1102.789 1102.786 1102.782 1102.779 1102.776 1102.772 1102.769 1102.766
1103.037 1103.034 1103.03 1103.027 1103.024 1103.021 1103.017 1103.014 1103.011 1103.007 1103.004 1103.001 1102.998 1102.994 1102.991 1102.988 1102.984 1102.981 1102.978 1102.974 1102.971 1102.968 1102.965 1102.961 1102.958 1102.955 1102.951 1102.948 1102.945 1102.941 1102.938 1102.935 1102.932 1102.928 1102.925 1102.922 1102.918 1102.915 1102.912 1102.908 1102.905 1102.902 1102.899 1102.895 1102.892 1102.889 1102.885 1102.882 1102.879 1102.875 1102.872 1102.869 1102.866 1102.862 1102.859 1102.856 1102.852 1102.849 1102.846 1102.842 1102.839 1102.836 1102.832
1103.104 1103.1 1103.097 1103.094 1103.091 1103.087 1103.084 1103.081 1103.077 1103.074 1103.071 1103.068 1103.064 1103.061 1103.058 1103.054 1103.051 1103.048 1103.044 1103.041 1103.038 1103.035 1103.031 1103.028 1103.025 1103.021 1103.018 1103.015 1103.011 1103.008 1103.005 1103.002 1102.998 1102.995 1102.992 1102.988 1102.985 1102.982 1102.978 1102.975 1102.972 1102.969 1102.965 1102.962 1102.959 1102.955 1102.952 1102.949 1102.945 1102.942 1102.939 1102.936 1102.932 1102.929 1102.926 1102.922 1102.919 1102.916 1102.912 1102.909 1102.906 1102.902 1102.899
1103.171 1103.167 1103.163 1103.161 1103.157 1103.154 1103.151 1103.147 1103.144 1103.141 1103.137 1103.135 1103.131 1103.127 1103.125 1103.121 1103.117 1103.115 1103.111 1103.108 1103.104 1103.101 1103.098 1103.094 1103.091 1103.088 1103.084 1103.082 1103.078 1103.074 1103.072 1103.068 1103.065 1103.062 1103.058 1103.055 1103.052 1103.048 1103.045 1103.042 1103.038 1103.036 1103.032 1103.028 1103.026 1103.022 1103.018 1103.016 1103.012 1103.009 1103.005 1103.002 1102.999 1102.995 1102.992 1102.989 1102.985 1102.983 1102.979 1102.975 1102.973 1102.969 1102.965
1103.237 1103.234 1103.23 1103.227 1103.224 1103.221 1103.217 1103.214 1103.211 1103.207 1103.204 1103.201 1103.198 1103.194 1103.191 1103.188 1103.184 1103.181 1103.178 1103.174 1103.171 1103.168 1103.165 1103.161 1103.158 1103.155 1103.151 1103.148 1103.145 1103.141 1103.138 1103.135 1103.132 1103.128 1103.125 1103.122 1103.118 1103.115 1103.112 1103.108 1103.105 1103.102 1103.099 1103.095 1103.092 1103.089 1103.085 1103.082 1103.079 1103.075 1103.072 1103.069 1103.066 1103.062 1103.059 1103.056 1103.052 1103.049 1103.046 1103.042 1103.039 1103.036 1103.032
1103.304 1103.3 1103.297 1103.294 1103.291 1103.287 1103.284 1103.281 1103.277 1103.274 1103.271 1103.268 1103.264 1103.261 1103.258 1103.254 1103.251 1103.248 1103.244 1103.241 1103.238 1103.235 1103.231 1103.228 1103.225 1103.221 1103.218 1103.215 1103.211 1103.208 1103.205 1103.202 1103.198 1103.195 1103.192 1103.188 1103.185 1103.182 1103.178 1103.175 1103.172 1103.169 1103.165 1103.162 1103.159 1103.155 1103.152 1103.149 1103.145 1103.142 1103.139 1103.136 1103.132 1103.129 1103.126 1103.122 1103.119 1103.116 1103.112 1103.109 1103.106 1103.102 1103.099
1103.37 1103.367 1103.364 1103.36 1103.358 1103.354 1103.35 1103.348 1103.344 1103.34 1103.338 1103.334 1103.331 1103.328 1103.324 1103.321 1103.318 1103.314 1103.311 1103.307 1103.305 1103.302 1103.298 1103.295 1103.292 1103.288 1103.285 1103.281 1103.278 1103.275 1103.271 1103.269 1103.265 1103.261 1103.259 1103.255 1103.251 1103.249 1103.245 1103.241 1103.239 1103.235 1103.232 1103.229 1103.225 1103.222 1103.219 1103.215 1103.212 1103.208 1103.206 1103.203 1103.199 1103.196 1103.193 1103.189 1103.186 1103.182 1103.179 1103.176 1103.172 1103.169 1103.166
1103.437 1103.434 1103.43 1103.427 1103.424 1103.421 1103.417 1103.414 1103.411 1103.407 1103.404 1103.401 1103.398 1103.394 1103.391 1103.388 1103.384 1103.381 1103.378 1103.374 1103.371 1103.368 1103.365 1103.361 1103.358 1103.355 1103.351 1103.348 1103.345 1103.341 1103.338 1103.335 1103.332 1103.328 1103.325 1103.322 1103.318 1103.315 1103.312 1103.308 1103.305 1103.302 1103.299 1103.295 1103.292 1103.289 1103.285 1103.282 1103.279 1103.275 1103.272 1103.269 1103.266 1103.262 1103.259 1103.256 1103.252 1103.249 1103.246 1103.242 1103.239 1103.236 1103.232
1103.504 1103.5 1103.497 1103.494 1103.491 1103.487 1103.484 1103.481 1103.477 1103.474 1103.471 1103.468 1103.464 1103.461 1103.458 1103.454 1103.451 1103.448 1103.444 1103.441 1103.438 1103.435 1103.431 1103.428 1103.425 1103.421 1103.418 1103.415 1103.411 1103.408 1103.405 1103.402 1103.398 1103.395 1103.392 1103.388 1103.385 1103.382 1103.378 1103.375 1103.372 1103.369 1103.365 1103.362 1103.359 1103.355 1103.352 1103.349 1103.345 1103.342 1103.339 1103.336 1103.332 1103.329 1103.326 1103.322 1103.319 1103.316 1103.312 1103.309 1103.306 1103.302 1103.299
1103.571 1103.567 1103.563 1103.561 1103.557 1103.554 1103.551 1103.547 1103.544 1103.541 1103.537 1103.535 1103.531 1103.527 1103.525 1103.521 1103.517 1103.515 1103.511 1103.508 1103.505 1103.501 1103.498 1103.495 1103.491 1103.488 1103.484 1103.482 1103.478 1103.474 1103.472 1103.469 1103.465 1103.462 1103.458 1103.455 1103.452 1103.448 1103.445 1103.442 1103.438 1103.436 1103.432 1103.428 1103.426 1103.422 1103.418 1103.416 1103.412 1103.409 1103.406 1103.402 1103.399 1103.396 1103.392 1103.389 1103.385 1103.383 1103.379 1103.375 1103.373 1103.369 1103.365
1103.637 1103.634 1103.63 1103.627 1103.624 1103.621 1103.617 1103.614 1103.611 1103.607 1103.604 1103.601 1103.598 1103.594 1103.591 1103.588 1103.584 1103.581 1103.578 1103.574 1103.571 1103.568 1103.565 1103.561 1103.558 1103.555 1103.551 1103.548 1103.545 1103.541 1103.538 1103.535 1103.532 1103.528 1103.525 1103.522 1103.518 1103.515 1103.512 1103.508 1103.505 1103.502 1103.499 1103.495 1103.492 1103.489 1103.485 1103.482 1103.479 1103.475 1103.472 1103.469 1103.466 1103.462 1103.459 1103.456 1103.452 1103.449 1103.446 1103.442 1103.439 1103.436 1103.432
1103.704 1103.7 1103.697 1103.694 1103.691 1103.687 1103.684 1103.681 1103.677 1103.674 1103.671 1103.668 1103.664 1103.661 1103.658 1103.654 1103.651 1103.648 1103.644 1103.641 1103.638 1103.635 1103.631 1103.628 1103.625 1103.621 1103.618 1103.615 1103.611 1103.608 1103.605 1103.602 1103.598 1103.595 1103.592 1103.588 1103.585 1103.582 1103.578 1103.575 1103.572 1103.569 1103.565 1103.562 1103.559 1103.555 1103.552 1103.549 1103.545 1103.542 1103.539 1103.536 1103.532 1103.529 1103.526 1103.522 1103.519 1103.516 1103.512 1103.509 1103.506 1103.502 1103.499
1103.771 1103.767 1103.763 1103.76 1103.758 1103.754 1103.75 1103.748 1103.744 1103.74 1103.738 1103.734 1103.731 1103.728 1103.724 1103.721 1103.718 1103.714 1103.711 1103.708 1103.705 1103.701 1103.698 1103.695 1103.691 1103.688 1103.685 1103.682 1103.678 1103.675 1103.672 1103.668 1103.665 1103.661 1103.658 1103.655 1103.651 1103.648 1103.645 1103.641 1103.638 1103.635 1103.632 1103.628 1103.625 1103.622 1103.618 1103.615 1103.612 1103.609 1103.605 1103.603 1103.599 1103.595 1103.593 1103.589 1103.585 1103.583 1103.579 1103.575 1103.573 1103.569 1103.565
1103.837 1103.834 1103.83 1103.827 1103.824 1103.821 1103.817 1103.814 1103.811 1103.807 1103.804 1103.801 1103.798 1103.794 1103.791 1103.788 1103.784 1103.781 1103.778 1103.774 1103.771 1103.768 1103.765 1103.761 1103.758 1103.755 1103.751 1103.748 1103.745 1103.741 1103.738 1103.735 1103.732 1103.728 1103.725 1103.722 1103.718 1103.715 1103.712 1103.708 1103.705 1103.702 1103.699 1103.695 1103.692 1103.689 1103.685 1103.682 1103.679 1103.675 1103.672 1103.669 1103.666 1103.662 1103.659 1103.656 1103.652 1103.649 1103.646 1103.642 1103.639 1103.636 1103.632
1103.904 1103.9 1103.897 1103.894 1103.891 1103.887 1103.884 1103.881 1103.877 1103.874 1103.871 1103.868 1103.864 1103.861 1103.858 1103.854 1103.851 1103.848 1103.844 1103.841 1103.838 1103.835 1103.831 1103.828 1103.825 1103.821 1103.818 1103.815 1103.811 1103.808 1103.805 1103.802 1103.798 1103.795 1103.792 1103.788 1103.785 1103.782 1103.778 1103.775 1103.772 1103.769 1103.765 1103.762 1103.759 1103.755 1103.752 1103.749 1103.745 1103.742 1103.739 1103.736 1103.732 1103.729 1103.726 1103.722 1103.719 1103.716 1103.712 1103.709 1103.706 1103.702 1103.699
1103.97 1103.967 1103.964 1103.96 1103.958 1103.954 1103.95 1103.948 1103.944 1103.94 1103.938 1103.934 1103.931 1103.927 1103.924 1103.921 1103.917 1103.914 1103.911 1103.907 1103.905 1103.901 1103.898 1103.895 1103.891 1103.888 1103.885 1103.881 1103.878 1103.875 1103.871 1103.869 1103.865 1103.861 1103.859 1103.855 1103.851 1103.849 1103.845 1103.841 1103.839 1103.835 1103.832 1103.828 1103.825 1103.822 1103.818 1103.815 1103.812 1103.808 1103.806 1103.802 1103.799 1103.796 1103.792 1103.789 1103.786 1103.782 1103.779 1103.776 1103.772 1103.769 1103.766
1104.037 1104.034 1104.03 1104.027 1104.024 1104.021 1104.017 1104.014 1104.011 1104.007 1104.004 1104.001 1103.998 1103.994 1103.991 1103.988 1103.984 1103.981 1103.978 1103.974 1103.971 1103.968 1103.965 1103.961 1103.958 1103.955 1103.951 1103.948 1103.945 1103.941 1103.938 1103.935 1103.932 1103.928 1103.925 1103.922 1103.918 1103.915 1103.912 1103.908 1103.905 1103.902 1103.899 1103.895 1103.892 1103.889 1103.885 1103.882 1103.879 1103.875 1103.872 1103.869 1103.866 1103.862 1103.859 1103.856 1103.852 1103.849 1103.846 1103.842 1103.839 1103.836 1103.832
1104.104 1104.1 1104.097 1104.094 1104.091 1104.087 1104.084 1104.081 1104.077 1104.074 1104.071 1104.068 1104.064 1104.061 1104.058 1104.054 1104.051 1104.048 1104.044 1104.041 1104.038 1104.035 1104.031 1104.028 1104.025 1104.021 1104.018 1104.015 1104.011 1104.008 1104.005 1104.002 1103.998 1103.995 1103.992 1103.988 1103.985 1103.982 1103.978 1103.975 1103.972 1103.969 1103.965 1103.962 1103.959 1103.955 1103.952 1103.949 1103.945 1103.942 1103.939 1103.936 1103.932 1103.929 1103.926 1103.922 1103.919 1103.916 1103.912 1103.909 1103.906 1103.902 1103.899
1104.171 1104.167 1104.163 1104.161 1104.157 1104.154 1104.151 1104.147 1104.144 1104.141 1104.137 1104.135 1104.131 1104.127 1104.125 1104.121 1104.117 1104.115 1104.111 1104.108 1104.104 1104.101 1104.098 1104.094 1104.091 1104.088 1104.084 1104.082 1104.078 1104.074 1104.072 1104.068 1104.065 1104.062 1104.058 1104.055 1104.052 1104.048 1104.045 1104.042 1104.038 1104.036 1104.032 1104.028 1104.026 1104.022 1104.018 1104.016 1104.012 1104.009 1104.005 1104.002 1103.999 1103.995 1103.992 1103.989 1103.985 1103.983 1103.979 1103.975 1103.973 1103.969 1103.965
1104.237 1104.234 1104.23 1104.227 1104.224 1104.221 1104.217 1104.214 1104.211 1104.207 1104.204 1104.201 1104.198 1104.194 1104.191 1104.188 1104.184 1104.181 1104.178 1104.174 1104.171 1104.168 1104.165 1104.161 1104.158 1104.155 1104.151 1104.148 1104.145 1104.141 1104.138 1104.135 1104.132 1104.128 1104.125 1104.122 1104.118 1104.115 1104.112 1104.108 1104.105 1104.102 1104.099 1104.095 1104.092 1104.089 1104.085 1104.082 1104.079 1104.075 1104.072 1104.069 1104.066 1104.062 1104.059 1104.056 1104.052 1104.049 1104.046 1104.042 1104.039 1104.036 1104.032
1104.571 1104.567 1104.563 1104.561 1104.557 1104.554 1104.551 1104.547 1104.544 1104.541 1104.537 1104.535 1104.531 1104.527 1104.525 1104.521 1104.517 1104.515 1104.511 1104.508 1104.505 1104.501 1104.498 1104.495 1104.491 1104.488 1104.484 1104.482 1104.478 1104.474 1104.472 1104.469 1104.465 1104.462 1104.458 1104.455 1104.452 1104.448 1104.445 1104.442 1104.438 1104.436 1104.432 1104.428 1104.426 1104.422 1104.418 1104.416 1104.412 1104.409 1104.406 1104.402 1104.399 1104.396 1104.392 1104.389 1104.385 1104.383 1104.379 1104.375 1104.373 1104.369 1104.365
1105.171 1105.167 1105.163 1105.161 1105.157 1105.154 1105.151 1105.147 1105.144 1105.141 1105.137 1105.135 1105.131 1105.127 1105.125 1105.121 1105.117 1105.115 1105.111 1105.108 1105.104 1105.101 1105.098 1105.094 1105.091 1105.088 1105.084 1105.082 1105.078 1105.074 1105.072 1105.068 1105.065 1105.062 1105.058 1105.055 1105.052 1105.048 1105.045 1105.042 1105.038 1105.036 1105.032 1105.028 1105.026 1105.022 1105.018 1105.016 1105.012 1105.009 1105.005 1105.002 1104.999 1104.995 1104.992 1104.989 1104.985 1104.983 1104.979 1104.975 1104.973 1104.969 1104.965
