samples/rosgenC4/vanilla/vanilla.asc
ncols         769
nrows         148
xllcorner     100
yllcorner     26
cellsize      1
NODATA_value  -9999
[rows 112 to 139 of 148, columns 504 to 566 of 769]
1101.115 1101.112 1101.109 1101.105 1101.102 1101.099 1101.095 1101.092 1101.089 1101.086 1101.082 1101.078 1101.076 1101.073 1101.069 1101.066 1101.063 1101.059 1101.056 1101.052 1101.05 1101.046 1101.042 1101.04 1101.036 1101.032 1101.03 1101.026 1101.022 1101.02 1101.016 1101.013 1101.01 1101.006 1101.003 1101 1100.996 1100.993 1100.99 1100.987 1100.984 1100.98 1100.977 1100.974 1100.97 1100.967 1100.964 1100.96 1100.957 1100.953 1100.951 1100.947 1100.943 1100.941 1100.937 1100.933 1100.931 1100.927 1100.923 1100.921 1100.917 1100.914 1100.911
1101.182 1101.178 1101.175 1101.172 1101.169 1101.165 1101.162 1101.159 1101.155 1101.152 1101.149 1101.145 1101.142 1101.139 1101.136 1101.132 1101.129 1101.126 1101.122 1101.119 1101.116 1101.113 1101.109 1101.106 1101.103 1101.099 1101.096 1101.093 1101.089 1101.086 1101.083 1101.08 1101.076 1101.073 1101.07 1101.066 1101.063 1101.06 1101.056 1101.053 1101.05 1101.047 1101.043 1101.04 1101.037 1101.033 1101.03 1101.027 1101.023 1101.02 1101.017 1101.014 1101.01 1101.007 1101.004 1101 1100.997 1100.994 1100.99 1100.987 1100.984 1100.98 1100.977
1101.248 1101.245 1101.242 1101.239 1101.235 1101.232 1101.229 1101.225 1101.222 1101.219 1101.215 1101.212 1101.209 1101.206 1101.202 1101.199 1101.196 1101.192 1101.189 1101.186 1101.183 1101.179 1101.176 1101.173 1101.169 1101.166 1101.163 1101.159 1101.156 1101.153 1101.15 1101.146 1101.143 1101.14 1101.136 1101.133 1101.13 1101.126 1101.123 1101.12 1101.117 1101.113 1101.11 1101.107 1101.103 1101.1 1101.097 1101.093 1101.09 1101.087 1101.084 1101.08 1101.077 1101.074 1101.07 1101.067 1101.064 1101.06 1101.057 1101.054 1101.05 1101.047 1101.044
1101.315 1101.312 1101.309 1101.305 1101.302 1101.299 1101.295 1101.292 1101.289 1101.286 1101.282 1101.279 1101.276 1101.272 1101.269 1101.266 1101.262 1101.259 1101.255 1101.252 1101.25 1101.246 1101.242 1101.24 1101.236 1101.232 1101.229 1101.226 1101.222 1101.219 1101.217 1101.213 1101.209 1101.207 1101.203 1101.199 1101.197 1101.193 1101.189 1101.187 1101.184 1101.18 1101.177 1101.174 1101.17 1101.167 1101.164 1101.16 1101.156 1101.154 1101.151 1101.147 1101.144 1101.141 1101.137 1101.134 1101.13 1101.127 1101.124 1101.12 1101.117 1101.114 1101.111
1101.382 1101.378 1101.375 1101.372 1101.369 1101.365 1101.362 1101.359 1101.355 1101.352 1101.349 1101.345 1101.342 1101.339 1101.336 1101.332 1101.329 1101.326 1101.322 1101.319 1101.316 1101.313 1101.309 1101.306 1101.303 1101.299 1101.296 1101.293 1101.289 1101.286 1101.283 1101.28 1101.276 1101.273 1101.27 1101.266 1101.263 1101.26 1101.256 1101.253 1101.25 1101.247 1101.243 1101.24 1101.237 1101.233 1101.23 1101.227 1101.223 1101.22 1101.217 1101.214 1101.21 1101.207 1101.204 1101.2 1101.197 1101.194 1101.19 1101.187 1101.184 1101.18 1101.177
1101.448 1101.445 1101.442 1101.439 1101.435 1101.432 1101.429 1101.425 1101.422 1101.419 1101.415 1101.412 1101.409 1101.406 1101.402 1101.399 1101.396 1101.392 1101.389 1101.386 1101.383 1101.379 1101.376 1101.373 1101.369 1101.366 1101.363 1101.359 1101.356 1101.353 1101.35 1101.346 1101.343 1101.34 1101.336 1101.333 1101.33 1101.326 1101.323 1101.32 1101.317 1101.313 1101.31 1101.307 1101.303 1101.3 1101.297 1101.293 1101.29 1101.287 1101.284 1101.28 1101.277 1101.274 1101.27 1101.267 1101.264 1101.26 1101.257 1101.254 1101.25 1101.247 1101.244
1101.515 1101.511 1101.509 1101.505 1101.502 1101.499 1101.495 1101.492 1101.489 1101.485 1101.482 1101.479 1101.475 1101.473 1101.469 1101.465 1101.463 1101.459 1101.455 1101.453 1101.449 1101.446 1101.443 1101.439 1101.436 1101.432 1101.429 1101.426 1101.422 1101.419 1101.417 1101.413 1101.41 1101.406 1101.403 1101.4 1101.396 1101.393 1101.39 1101.386 1101.384 1101.38 1101.376 1101.374 1101.37 1101.366 1101.364 1101.36 1101.356 1101.354 1101.35 1101.347 1101.344 1101.34 1101.337 1101.333 1101.33 1101.327 1101.323 1101.32 1101.317 1101.313 1101.311
1101.582 1101.578 1101.575 1101.572 1101.569 1101.565 1101.562 1101.559 1101.555 1101.552 1101.549 1101.545 1101.542 1101.539 1101.536 1101.532 1101.529 1101.526 1101.522 1101.519 1101.516 1101.513 1101.509 1101.506 1101.503 1101.499 1101.496 1101.493 1101.489 1101.486 1101.483 1101.48 1101.476 1101.473 1101.47 1101.466 1101.463 1101.46 1101.456 1101.453 1101.45 1101.447 1101.443 1101.44 1101.437 1101.433 1101.43 1101.427 1101.423 1101.42 1101.417 1101.414 1101.41 1101.407 1101.404 1101.4 1101.397 1101.394 1101.39 1101.387 1101.384 1101.38 1101.377
1101.648 1101.645 1101.642 1101.639 1101.635 1101.632 1101.629 1101.625 1101.622 1101.619 1101.615 1101.612 1101.609 1101.606 1101.602 1101.599 1101.596 1101.592 1101.589 1101.586 1101.583 1101.579 1101.576 1101.573 1101.569 1101.566 1101.563 1101.559 1101.556 1101.553 1101.55 1101.546 1101.543 1101.54 1101.536 1101.533 1101.53 1101.526 1101.523 1101.52 1101.517 1101.513 1101.51 1101.507 1101.503 1101.5 1101.497 1101.493 1101.49 1101.487 1101.484 1101.48 1101.477 1101.474 1101.47 1101.467 1101.464 1101.46 1101.457 1101.454 1101.45 1101.447 1101.444
1101.715 1101.712 1101.708 1101.705 1101.702 1101.698 1101.695 1101.692 1101.688 1101.686 1101.682 1101.678 1101.676 1101.672 1101.669 1101.666 1101.662 1101.659 1101.656 1101.652 1101.65 1101.646 1101.642 1101.64 1101.636 1101.632 1101.63 1101.626 1101.622 1101.62 1101.616 1101.613 1101.609 1101.606 1101.603 1101.599 1101.596 1101.593 1101.589 1101.587 1101.583 1101.58 1101.577 1101.573 1101.57 1101.567 1101.563 1101.56 1101.557 1101.553 1101.551 1101.547 1101.543 1101.541 1101.537 1101.533 1101.531 1101.527 1101.523 1101.521 1101.517 1101.514 1101.51
1101.782 1101.778 1101.775 1101.772 1101.769 1101.765 1101.762 1101.759 1101.755 1101.752 1101.749 1101.745 1101.742 1101.739 1101.736 1101.732 1101.729 1101.726 1101.722 1101.719 1101.716 1101.713 1101.709 1101.706 1101.703 1101.699 1101.696 1101.693 1101.689 1101.686 1101.683 1101.68 1101.676 1101.673 1101.67 1101.666 1101.663 1101.66 1101.656 1101.653 1101.65 1101.647 1101.643 1101.64 1101.637 1101.633 1101.63 1101.627 1101.623 1101.62 1101.617 1101.614 1101.61 1101.607 1101.604 1101.6 1101.597 1101.594 1101.59 1101.587 1101.584 1101.58 1101.577
1101.848 1101.845 1101.842 1101.839 1101.835 1101.832 1101.829 1101.825 1101.822 1101.819 1101.815 1101.812 1101.809 1101.806 1101.802 1101.799 1101.796 1101.792 1101.789 1101.786 1101.783 1101.779 1101.776 1101.773 1101.769 1101.766 1101.763 1101.759 1101.756 1101.753 1101.75 1101.746 1101.743 1101.74 1101.736 1101.733 1101.73 1101.726 1101.723 1101.72 1101.717 1101.713 1101.71 1101.707 1101.703 1101.7 1101.697 1101.693 1101.69 1101.687 1101.684 1101.68 1101.677 1101.674 1101.67 1101.667 1101.664 1101.66 1101.657 1101.654 1101.65 1101.647 1101.644
1101.915 1101.911 1101.909 1101.906 1101.902 1101.899 1101.896 1101.892 1101.889 1101.885 1101.882 1101.879 1101.875 1101.873 1101.869 1101.865 1101.863 1101.859 1101.855 1101.853 1101.849 1101.846 1101.843 1101.839 1101.836 1101.833 1101.829 1101.826 1101.823 1101.819 1101.817 1101.813 1101.81 1101.807 1101.803 1101.8 1101.797 1101.793 1101.79 1101.786 1101.784 1101.78 1101.776 1101.774 1101.77 1101.766 1101.764 1101.76 1101.756 1101.754 1101.75 1101.747 1101.744 1101.74 1101.737 1101.734 1101.73 1101.727 1101.724 1101.72 1101.717 1101.714 1101.711
1101.982 1101.978 1101.975 1101.972 1101.969 1101.965 1101.962 1101.959 1101.955 1101.952 1101.949 1101.945 1101.942 1101.939 1101.936 1101.932 1101.929 1101.926 1101.922 1101.919 1101.916 1101.913 1101.909 1101.906 1101.903 1101.899 1101.896 1101.893 1101.889 1101.886 1101.883 1101.88 1101.876 1101.873 1101.87 1101.866 1101.863 1101.86 1101.856 1101.853 1101.85 1101.847 1101.843 1101.84 1101.837 1101.833 1101.83 1101.827 1101.823 1101.82 1101.817 1101.814 1101.81 1101.807 1101.804 1101.8 1101.797 1101.794 1101.79 1101.787 1101.784 1101.78 1101.777
1102.048 1102.045 1102.042 1102.039 1102.035 1102.032 1102.029 1102.025 1102.022 1102.019 1102.015 1102.012 1102.009 1102.006 1102.002 1101.999 1101.996 1101.992 1101.989 1101.986 1101.983 1101.979 1101.976 1101.973 1101.969 1101.966 1101.963 1101.959 1101.956 1101.953 1101.95 1101.946 1101.943 1101.94 1101.936 1101.933 1101.93 1101.926 1101.923 1101.92 1101.917 1101.913 1101.91 1101.907 1101.903 1101.9 1101.897 1101.893 1101.89 1101.887 1101.884 1101.88 1101.877 1101.874 1101.87 1101.867 1101.864 1101.86 1101.857 1101.854 1101.85 1101.847 1101.844
1102.115 1102.112 1102.109 1102.105 1102.102 1102.099 1102.095 1102.092 1102.089 1102.086 1102.082 1102.078 1102.076 1102.073 1102.069 1102.066 1102.063 1102.059 1102.056 1102.052 1102.05 1102.046 1102.042 1102.04 1102.036 1102.032 1102.03 1102.026 1102.022 1102.02 1102.016 1102.013 1102.01 1102.006 1102.003 1102 1101.996 1101.993 1101.99 1101.987 1101.984 1101.98 1101.977 1101.974 1101.97 1101.967 1101.964 1101.96 1101.957 1101.953 1101.951 1101.947 1101.943 1101.941 1101.937 1101.933 1101.931 1101.927 1101.923 1101.921 1101.917 1101.914 1101.911
1102.182 1102.178 1102.175 1102.172 1102.169 1102.165 1102.162 1102.159 1102.155 1102.152 1102.149 1102.145 1102.142 1102.139 1102.136 1102.132 1102.129 1102.126 1102.122 1102.119 1102.116 1102.113 1102.109 1102.106 1102.103 1102.099 1102.096 1102.093 1102.089 1102.086 1102.083 1102.08 1102.076 1102.073 1102.07 1102.066 1102.063 1102.06 1102.056 1102.053 1102.05 1102.047 1102.043 1102.04 1102.037 1102.033 1102.03 1102.027 1102.023 1102.02 1102.017 1102.014 1102.01 1102.007 1102.004 1102 1101.997 1101.994 1101.99 1101.987 1101.984 1101.98 1101.977
1102.248 1102.245 1102.242 1102.239 1102.235 1102.232 1102.229 1102.225 1102.222 1102.219 1102.215 1102.212 1102.209 1102.206 1102.202 1102.199 1102.196 1102.192 1102.189 1102.186 1102.183 1102.179 1102.176 1102.173 1102.169 1102.166 1102.163 1102.159 1102.156 1102.153 1102.15 1102.146 1102.143 1102.14 1102.136 1102.133 1102.13 1102.126 1102.123 1102.12 1102.117 1102.113 1102.11 1102.107 1102.103 1102.1 1102.097 1102.093 1102.09 1102.087 1102.084 1102.08 1102.077 1102.074 1102.07 1102.067 1102.064 1102.06 1102.057 1102.054 1102.05 1102.047 1102.044
1102.315 1102.312 1102.309 1102.305 1102.302 1102.299 1102.295 1102.292 1102.289 1102.286 1102.282 1102.279 1102.276 1102.272 1102.269 1102.266 1102.262 1102.259 1102.255 1102.252 1102.25 1102.246 1102.242 1102.24 1102.236 1102.232 1102.229 1102.226 1102.222 1102.219 1102.217 1102.213 1102.209 1102.207 1102.203 1102.199 1102.197 1102.193 1102.189 1102.187 1102.184 1102.18 1102.177 1102.174 1102.17 1102.167 1102.164 1102.16 1102.156 1102.154 1102.151 1102.147 1102.144 1102.141 1102.137 1102.134 1102.13 1102.127 1102.124 1102.12 1102.117 1102.114 1102.111
1102.382 1102.378 1102.375 1102.372 1102.369 1102.365 1102.362 1102.359 1102.355 1102.352 1102.349 1102.345 1102.342 1102.339 1102.336 1102.332 1102.329 1102.326 1102.322 1102.319 1102.316 1102.313 1102.309 1102.306 1102.303 1102.299 1102.296 1102.293 1102.289 1102.286 1102.283 1102.28 1102.276 1102.273 1102.27 1102.266 1102.263 1102.26 1102.256 1102.253 1102.25 1102.247 1102.243 1102.24 1102.237 1102.233 1102.23 1102.227 1102.223 1102.22 1102.217 1102.214 1102.21 1102.207 1102.204 1102.2 1102.197 1102.194 1102.19 1102.187 1102.184 1102.18 1102.177
1102.448 1102.445 1102.442 1102.439 1102.435 1102.432 1102.429 1102.425 1102.422 1102.419 1102.415 1102.412 1102.409 1102.406 1102.402 1102.399 1102.396 1102.392 1102.389 1102.386 1102.383 1102.379 1102.376 1102.373 1102.369 1102.366 1102.363 1102.359 1102.356 1102.353 1102.35 1102.346 1102.343 1102.34 1102.336 1102.333 1102.33 1102.326 1102.323 1102.32 1102.317 1102.313 1102.31 1102.307 1102.303 1102.3 1102.297 1102.293 1102.29 1102.287 1102.284 1102.28 1102.277 1102.274 1102.27 1102.267 1102.264 1102.26 1102.257 1102.254 1102.25 1102.247 1102.244
1102.515 1102.511 1102.509 1102.505 1102.502 1102.499 1102.495 1102.492 1102.489 1102.485 1102.482 1102.479 1102.475 1102.473 1102.469 1102.465 1102.463 1102.459 1102.455 1102.453 1102.449 1102.446 1102.443 1102.439 1102.436 1102.432 1102.429 1102.426 1102.422 1102.419 1102.417 1102.413 1102.41 1102.406 1102.403 1102.4 1102.396 1102.393 1102.39 1102.386 1102.384 1102.38 1102.376 1102.374 1102.37 1102.366 1102.364 1102.36 1102.356 1102.354 1102.35 1102.347 1102.344 1102.34 1102.337 1102.333 1102.33 1102.327 1102.323 1102.32 1102.317 1102.313 1102.311
1102.582 1102.578 1102.575 1102.572 1102.569 1102.565 1102.562 1102.559 1102.555 1102.552 1102.549 1102.545 1102.542 1102.539 1102.536 1102.532 1102.529 1102.526 1102.522 1102.519 1102.516 1102.513 1102.509 1102.506 1102.503 1102.499 1102.496 1102.493 1102.489 1102.486 1102.483 1102.48 1102.476 1102.473 1102.47 1102.466 1102.463 1102.46 1102.456 1102.453 1102.45 1102.447 1102.443 1102.44 1102.437 1102.433 1102.43 1102.427 1102.423 1102.42 1102.417 1102.414 1102.41 1102.407 1102.404 1102.4 1102.397 1102.394 1102.39 1102.387 1102.384 1102.38 1102.377
1102.648 1102.645 1102.642 1102.639 1102.635 1102.632 1102.629 1102.625 1102.622 1102.619 1102.615 1102.612 1102.609 1102.606 1102.602 1102.599 1102.596 1102.592 1102.589 1102.586 1102.583 1102.579 1102.576 1102.573 1102.569 1102.566 1102.563 1102.559 1102.556 1102.553 1102.55 1102.546 1102.543 1102.54 1102.536 1102.533 1102.53 1102.526 1102.523 1102.52 1102.517 1102.513 1102.51 1102.507 1102.503 1102.5 1102.497 1102.493 1102.49 1102.487 1102.484 1102.48 1102.477 1102.474 1102.47 1102.467 1102.464 1102.46 1102.457 1102.454 1102.45 1102.447 1102.444
1102.715 1102.712 1102.708 1102.705 1102.702 1102.698 1102.695 1102.692 1102.688 1102.686 1102.682 1102.678 1102.676 1102.672 1102.669 1102.666 1102.662 1102.659 1102.656 1102.652 1102.65 1102.646 1102.642 1102.64 1102.636 1102.632 1102.63 1102.626 1102.622 1102.62 1102.616 1102.613 1102.609 1102.606 1102.603 1102.599 1102.596 1102.593 1102.589 1102.587 1102.583 1102.58 1102.577 1102.573 1102.57 1102.567 1102.563 1102.56 1102.557 1102.553 1102.551 1102.547 1102.543 1102.541 1102.537 1102.533 1102.531 1102.527 1102.523 1102.521 1102.517 1102.514 1102.51
1102.782 1102.778 1102.775 1102.772 1102.769 1102.765 1102.762 1102.759 1102.755 1102.752 1102.749 1102.745 1102.742 1102.739 1102.736 1102.732 1102.729 1102.726 1102.722 1102.719 1102.716 1102.713 1102.709 1102.706 1102.703 1102.699 1102.696 1102.693 1102.689 1102.686 1102.683 1102.68 1102.676 1102.673 1102.67 1102.666 1102.663 1102.66 1102.656 1102.653 1102.65 1102.647 1102.643 1102.64 1102.637 1102.633 1102.63 1102.627 1102.623 1102.62 1102.617 1102.614 1102.61 1102.607 1102.604 1102.6 1102.597 1102.594 1102.59 1102.587 1102.584 1102.58 1102.577
1103.115 1103.112 1103.109 1103.105 1103.102 1103.099 1103.095 1103.092 1103.089 1103.086 1103.082 1103.078 1103.076 1103.073 1103.069 1103.066 1103.063 1103.059 1103.056 1103.052 1103.05 1103.046 1103.042 1103.04 1103.036 1103.032 1103.03 1103.026 1103.022 1103.02 1103.016 1103.013 1103.01 1103.006 1103.003 1103 1102.996 1102.993 1102.99 1102.987 1102.984 1102.98 1102.977 1102.974 1102.97 1102.967 1102.964 1102.96 1102.957 1102.953 1102.951 1102.947 1102.943 1102.941 1102.937 1102.933 1102.931 1102.927 1102.923 1102.921 1102.917 1102.914 1102.911
1103.715 1103.712 1103.708 1103.705 1103.702 1103.698 1103.695 1103.692 1103.688 1103.686 1103.682 1103.678 1103.676 1103.672 1103.669 1103.666 1103.662 1103.659 1103.656 1103.652 1103.65 1103.646 1103.642 1103.64 1103.636 1103.632 1103.63 1103.626 1103.622 1103.62 1103.616 1103.613 1103.609 1103.606 1103.603 1103.599 1103.596 1103.593 1103.589 1103.587 1103.583 1103.58 1103.577 1103.573 1103.57 1103.567 1103.563 1103.56 1103.557 1103.553 1103.551 1103.547 1103.543 1103.541 1103.537 1103.533 1103.531 1103.527 1103.523 1103.521 1103.517 1103.514 1103.51
