samples/rosgenC4/vanilla/vanilla.asc
ncols         769
nrows         148
xllcorner     100
yllcorner     26
cellsize      1
NODATA_value  -9999
[rows 28 to 55 of 148, columns 693 to 755 of 769]
1100.958 1100.955 1100.952 1100.948 1100.945 1100.942 1100.938 1100.935 1100.932 1100.928 1100.925 1100.922 1100.919 1100.915 1100.912 1100.909 1100.905 1100.902 1100.899 1100.895 1100.892 1100.889 1100.885 1100.882 1100.879 1100.876 1100.872 1100.869 1100.866 1100.862 1100.859 1100.856 1100.852 1100.849 1100.846 1100.843 1100.839 1100.836 1100.833 1100.829 1100.826 1100.823 1100.819 1100.816 1100.813 1100.81 1100.806 1100.803 1100.8 1100.796 1100.793 1100.79 1100.787 1100.783 1100.78 1100.777 1100.773 1100.77 1100.767 1100.763 1100.76 1100.757 1100.754
1100.891 1100.888 1100.885 1100.881 1100.879 1100.875 1100.871 1100.869 1100.865 1100.861 1100.859 1100.855 1100.852 1100.849 1100.845 1100.842 1100.839 1100.835 1100.832 1100.828 1100.825 1100.822 1100.818 1100.815 1100.813 1100.809 1100.806 1100.802 1100.799 1100.796 1100.792 1100.789 1100.786 1100.782 1100.78 1100.776 1100.772 1100.77 1100.766 1100.762 1100.76 1100.756 1100.752 1100.75 1100.746 1100.743 1100.74 1100.736 1100.733 1100.729 1100.726 1100.724 1100.72 1100.716 1100.714 1100.71 1100.707 1100.703 1100.7 1100.697 1100.693 1100.69 1100.687
1100.825 1100.822 1100.818 1100.815 1100.812 1100.808 1100.805 1100.802 1100.798 1100.795 1100.792 1100.789 1100.785 1100.782 1100.779 1100.775 1100.772 1100.769 1100.765 1100.762 1100.759 1100.755 1100.752 1100.749 1100.746 1100.742 1100.739 1100.736 1100.732 1100.729 1100.726 1100.722 1100.719 1100.716 1100.713 1100.709 1100.706 1100.703 1100.699 1100.696 1100.693 1100.689 1100.686 1100.683 1100.68 1100.676 1100.673 1100.67 1100.666 1100.663 1100.66 1100.657 1100.653 1100.65 1100.647 1100.643 1100.64 1100.637 1100.633 1100.63 1100.627 1100.624 1100.62
1100.758 1100.755 1100.752 1100.748 1100.745 1100.742 1100.738 1100.735 1100.732 1100.728 1100.725 1100.722 1100.719 1100.715 1100.712 1100.709 1100.705 1100.702 1100.699 1100.695 1100.692 1100.689 1100.685 1100.682 1100.679 1100.676 1100.672 1100.669 1100.666 1100.662 1100.659 1100.656 1100.652 1100.649 1100.646 1100.643 1100.639 1100.636 1100.633 1100.629 1100.626 1100.623 1100.619 1100.616 1100.613 1100.61 1100.606 1100.603 1100.6 1100.596 1100.593 1100.59 1100.587 1100.583 1100.58 1100.577 1100.573 1100.57 1100.567 1100.563 1100.56 1100.557 1100.554
1100.691 1100.688 1100.685 1100.682 1100.678 1100.675 1100.672 1100.668 1100.665 1100.661 1100.658 1100.656 1100.652 1100.648 1100.646 1100.642 1100.638 1100.635 1100.632 1100.628 1100.625 1100.622 1100.618 1100.615 1100.613 1100.609 1100.605 1100.603 1100.599 1100.595 1100.593 1100.589 1100.585 1100.583 1100.58 1100.576 1100.573 1100.57 1100.566 1100.563 1100.56 1100.556 1100.552 1100.55 1100.547 1100.543 1100.54 1100.536 1100.533 1100.53 1100.526 1100.523 1100.52 1100.516 1100.513 1100.51 1100.507 1100.503 1100.5 1100.497 1100.493 1100.49 1100.487
1100.625 1100.622 1100.618 1100.615 1100.612 1100.608 1100.605 1100.602 1100.598 1100.595 1100.592 1100.589 1100.585 1100.582 1100.579 1100.575 1100.572 1100.569 1100.565 1100.562 1100.559 1100.555 1100.552 1100.549 1100.546 1100.542 1100.539 1100.536 1100.532 1100.529 1100.526 1100.522 1100.519 1100.516 1100.513 1100.509 1100.506 1100.503 1100.499 1100.496 1100.493 1100.489 1100.486 1100.483 1100.48 1100.476 1100.473 1100.47 1100.466 1100.463 1100.46 1100.457 1100.453 1100.45 1100.447 1100.443 1100.44 1100.437 1100.433 1100.43 1100.427 1100.424 1100.42
1100.558 1100.555 1100.552 1100.548 1100.545 1100.542 1100.538 1100.535 1100.532 1100.528 1100.525 1100.522 1100.519 1100.515 1100.512 1100.509 1100.505 1100.502 1100.499 1100.495 1100.492 1100.489 1100.485 1100.482 1100.479 1100.476 1100.472 1100.469 1100.466 1100.462 1100.459 1100.456 1100.452 1100.449 1100.446 1100.443 1100.439 1100.436 1100.433 1100.429 1100.426 1100.423 1100.419 1100.416 1100.413 1100.41 1100.406 1100.403 1100.4 1100.396 1100.393 1100.39 1100.387 1100.383 1100.38 1100.377 1100.373 1100.37 1100.367 1100.363 1100.36 1100.357 1100.354
1100.491 1100.489 1100.485 1100.482 1100.479 1100.475 1100.472 1100.469 1100.465 1100.462 1100.458 1100.456 1100.452 1100.448 1100.446 1100.442 1100.438 1100.436 1100.432 1100.428 1100.426 1100.422 1100.418 1100.416 1100.412 1100.409 1100.406 1100.402 1100.399 1100.396 1100.392 1100.389 1100.385 1100.383 1100.38 1100.376 1100.373 1100.37 1100.366 1100.363 1100.359 1100.356 1100.353 1100.349 1100.347 1100.343 1100.339 1100.337 1100.333 1100.329 1100.327 1100.323 1100.32 1100.317 1100.313 1100.31 1100.307 1100.303 1100.3 1100.297 1100.293 1100.291 1100.287
1100.425 1100.422 1100.418 1100.415 1100.412 1100.408 1100.405 1100.402 1100.398 1100.395 1100.392 1100.389 1100.385 1100.382 1100.379 1100.375 1100.372 1100.369 1100.365 1100.362 1100.359 1100.355 1100.352 1100.349 1100.346 1100.342 1100.339 1100.336 1100.332 1100.329 1100.326 1100.322 1100.319 1100.316 1100.313 1100.309 1100.306 1100.303 1100.299 1100.296 1100.293 1100.289 1100.286 1100.283 1100.28 1100.276 1100.273 1100.27 1100.266 1100.263 1100.26 1100.257 1100.253 1100.25 1100.247 1100.243 1100.24 1100.237 1100.233 1100.23 1100.227 1100.224 1100.22
1100.358 1100.355 1100.352 1100.348 1100.345 1100.342 1100.338 1100.335 1100.332 1100.328 1100.325 1100.322 1100.319 1100.315 1100.312 1100.309 1100.305 1100.302 1100.299 1100.295 1100.292 1100.289 1100.285 1100.282 1100.279 1100.276 1100.272 1100.269 1100.266 1100.262 1100.259 1100.256 1100.252 1100.249 1100.246 1100.243 1100.239 1100.236 1100.233 1100.229 1100.226 1100.223 1100.219 1100.216 1100.213 1100.21 1100.206 1100.203 1100.2 1100.196 1100.193 1100.19 1100.187 1100.183 1100.18 1100.177 1100.173 1100.17 1100.167 1100.163 1100.16 1100.157 1100.154
1100.292 1100.288 1100.285 1100.281 1100.279 1100.275 1100.271 1100.269 1100.265 1100.261 1100.259 1100.255 1100.252 1100.249 1100.245 1100.242 1100.239 1100.235 1100.232 1100.229 1100.225 1100.222 1100.219 1100.215 1100.213 1100.209 1100.206 1100.203 1100.199 1100.196 1100.193 1100.189 1100.186 1100.182 1100.18 1100.176 1100.172 1100.17 1100.166 1100.162 1100.16 1100.156 1100.152 1100.15 1100.146 1100.143 1100.14 1100.136 1100.133 1100.13 1100.126 1100.124 1100.12 1100.116 1100.114 1100.11 1100.107 1100.104 1100.1 1100.097 1100.094 1100.09 1100.087
1100.225 1100.222 1100.218 1100.215 1100.212 1100.208 1100.205 1100.202 1100.198 1100.195 1100.192 1100.189 1100.185 1100.182 1100.179 1100.175 1100.172 1100.169 1100.165 1100.162 1100.159 1100.155 1100.152 1100.149 1100.146 1100.142 1100.139 1100.136 1100.132 1100.129 1100.126 1100.122 1100.119 1100.116 1100.113 1100.109 1100.106 1100.103 1100.099 1100.096 1100.093 1100.089 1100.086 1100.083 1100.08 1100.076 1100.073 1100.07 1100.066 1100.063 1100.06 1100.057 1100.053 1100.05 1100.047 1100.043 1100.04 1100.037 1100.033 1100.03 1100.027 1100.024 1100.02
1100.158 1100.155 1100.152 1100.148 1100.145 1100.142 1100.138 1100.135 1100.132 1100.128 1100.125 1100.122 1100.119 1100.115 1100.112 1100.109 1100.105 1100.102 1100.099 1100.095 1100.092 1100.089 1100.085 1100.082 1100.079 1100.076 1100.072 1100.069 1100.066 1100.062 1100.059 1100.056 1100.052 1100.049 1100.046 1100.043 1100.039 1100.036 1100.033 1100.029 1100.026 1100.023 1100.019 1100.016 1100.013 1100.01 1100.006 1100.003 1100 1099.996 1099.993 1099.99 1099.987 1099.983 1099.98 1099.977 1099.973 1099.97 1099.967 1099.963 1099.96 1099.957 1099.954
1100.091 1100.089 1100.085 1100.082 1100.078 1100.075 1100.072 1100.068 1100.065 1100.062 1100.058 1100.056 1100.052 1100.048 1100.046 1100.042 1100.038 1100.036 1100.032 1100.028 1100.026 1100.022 1100.018 1100.016 1100.012 1100.009 1100.005 1100.002 1099.999 1099.995 1099.992 1099.989 1099.985 1099.983 1099.979 1099.976 1099.973 1099.969 1099.966 1099.963 1099.959 1099.956 1099.953 1099.949 1099.947 1099.943 1099.939 1099.937 1099.933 1099.929 1099.927 1099.923 1099.92 1099.917 1099.913 1099.91 1099.906 1099.903 1099.9 1099.896 1099.893 1099.891 1099.887
1100.025 1100.022 1100.018 1100.015 1100.012 1100.008 1100.005 1100.002 1099.998 1099.995 1099.992 1099.989 1099.985 1099.982 1099.979 1099.975 1099.972 1099.969 1099.965 1099.962 1099.959 1099.955 1099.952 1099.949 1099.946 1099.942 1099.939 1099.936 1099.932 1099.929 1099.926 1099.922 1099.919 1099.916 1099.913 1099.909 1099.906 1099.903 1099.899 1099.896 1099.893 1099.889 1099.886 1099.883 1099.88 1099.876 1099.873 1099.87 1099.866 1099.863 1099.86 1099.857 1099.853 1099.85 1099.847 1099.843 1099.84 1099.837 1099.833 1099.83 1099.827 1099.824 1099.82
1099.958 1099.955 1099.952 1099.948 1099.945 1099.942 1099.938 1099.935 1099.932 1099.928 1099.925 1099.922 1099.919 1099.915 1099.912 1099.909 1099.905 1099.902 1099.899 1099.895 1099.892 1099.889 1099.885 1099.882 1099.879 1099.876 1099.872 1099.869 1099.866 1099.862 1099.859 1099.856 1099.852 1099.849 1099.846 1099.843 1099.839 1099.836 1099.833 1099.829 1099.826 1099.823 1099.819 1099.816 1099.813 1099.81 1099.806 1099.803 1099.8 1099.796 1099.793 1099.79 1099.787 1099.783 1099.78 1099.777 1099.773 1099.77 1099.767 1099.763 1099.76 1099.757 1099.754
1099.891 1099.888 1099.885 1099.881 1099.879 1099.875 1099.871 1099.869 1099.865 1099.861 1099.859 1099.855 1099.852 1099.849 1099.845 1099.842 1099.839 1099.835 1099.832 1099.828 1099.825 1099.822 1099.818 1099.815 1099.813 1099.809 1099.806 1099.802 1099.799 1099.796 1099.792 1099.789 1099.786 1099.782 1099.78 1099.776 1099.772 1099.77 1099.766 1099.762 1099.76 1099.756 1099.752 1099.75 1099.746 1099.743 1099.74 1099.736 1099.733 1099.729 1099.726 1099.724 1099.72 1099.716 1099.714 1099.71 1099.707 1099.703 1099.7 1099.697 1099.693 1099.69 1099.687
1099.825 1099.822 1099.818 1099.815 1099.812 1099.808 1099.805 1099.802 1099.798 1099.795 1099.792 1099.789 1099.785 1099.782 1099.779 1099.775 1099.772 1099.769 1099.765 1099.762 1099.759 1099.755 1099.752 1099.749 1099.746 1099.742 1099.739 1099.736 1099.732 1099.729 1099.726 1099.722 1099.719 1099.716 1099.713 1099.709 1099.706 1099.703 1099.699 1099.696 1099.693 1099.689 1099.686 1099.683 1099.68 1099.676 1099.673 1099.67 1099.666 1099.663 1099.66 1099.657 1099.653 1099.65 1099.647 1099.643 1099.64 1099.637 1099.633 1099.63 1099.627 1099.624 1099.62
1099.758 1099.755 1099.752 1099.748 1099.745 1099.742 1099.738 1099.735 1099.732 1099.728 1099.725 1099.722 1099.719 1099.715 1099.712 1099.709 1099.705 1099.702 1099.699 1099.695 1099.692 1099.689 1099.685 1099.682 1099.679 1099.676 1099.672 1099.669 1099.666 1099.662 1099.659 1099.656 1099.652 1099.649 1099.646 1099.643 1099.639 1099.636 1099.633 1099.629 1099.626 1099.623 1099.619 1099.616 1099.613 1099.61 1099.606 1099.603 1099.6 1099.596 1099.593 1099.59 1099.587 1099.583 1099.58 1099.577 1099.573 1099.57 1099.567 1099.563 1099.56 1099.557 1099.554
1099.691 1099.688 1099.685 1099.682 1099.678 1099.675 1099.672 1099.668 1099.665 1099.661 1099.658 1099.656 1099.652 1099.648 1099.646 1099.642 1099.638 1099.635 1099.632 1099.628 1099.625 1099.622 1099.618 1099.615 1099.613 1099.609 1099.605 1099.603 1099.599 1099.595 1099.593 1099.589 1099.585 1099.583 1099.58 1099.576 1099.573 1099.57 1099.566 1099.563 1099.56 1099.556 1099.552 1099.55 1099.547 1099.543 1099.54 1099.536 1099.533 1099.53 1099.526 1099.523 1099.52 1099.516 1099.513 1099.51 1099.507 1099.503 1099.5 1099.497 1099.493 1099.49 1099.487
1099.625 1099.622 1099.618 1099.615 1099.612 1099.608 1099.605 1099.602 1099.598 1099.595 1099.592 1099.589 1099.585 1099.582 1099.579 1099.575 1099.572 1099.569 1099.565 1099.562 1099.559 1099.555 1099.552 1099.549 1099.546 1099.542 1099.539 1099.536 1099.532 1099.529 1099.526 1099.522 1099.519 1099.516 1099.513 1099.509 1099.506 1099.503 1099.499 1099.496 1099.493 1099.489 1099.486 1099.483 1099.48 1099.476 1099.473 1099.47 1099.466 1099.463 1099.46 1099.457 1099.453 1099.45 1099.447 1099.443 1099.44 1099.437 1099.433 1099.43 1099.427 1099.424 1099.42
1099.558 1099.555 1099.552 1099.548 1099.545 1099.542 1099.538 1099.535 1099.532 1099.528 1099.525 1099.522 1099.519 1099.515 1099.512 1099.509 1099.505 1099.502 1099.499 1099.495 1099.492 1099.489 1099.485 1099.482 1099.479 1099.476 1099.472 1099.469 1099.466 1099.462 1099.459 1099.456 1099.452 1099.449 1099.446 1099.443 1099.439 1099.436 1099.433 1099.429 1099.426 1099.423 1099.419 1099.416 1099.413 1099.41 1099.406 1099.403 1099.4 1099.396 1099.393 1099.39 1099.387 1099.383 1099.38 1099.377 1099.373 1099.37 1099.367 1099.363 1099.36 1099.357 1099.354
1099.491 1099.489 1099.485 1099.482 1099.479 1099.475 1099.472 1099.469 1099.465 1099.462 1099.458 1099.456 1099.452 1099.448 1099.446 1099.442 1099.438 1099.436 1099.432 1099.428 1099.426 1099.422 1099.418 1099.416 1099.412 1099.409 1099.406 1099.402 1099.399 1099.396 1099.392 1099.389 1099.385 1099.383 1099.38 1099.376 1099.373 1099.37 1099.366 1099.363 1099.359 1099.356 1099.353 1099.349 1099.347 1099.343 1099.339 1099.337 1099.333 1099.329 1099.327 1099.323 1099.32 1099.317 1099.313 1099.31 1099.307 1099.303 1099.3 1099.297 1099.293 1099.291 1099.287
1099.425 1099.422 1099.418 1099.415 1099.412 1099.408 1099.405 1099.402 1099.398 1099.395 1099.392 1099.389 1099.385 1099.382 1099.379 1099.375 1099.372 1099.369 1099.365 1099.362 1099.359 1099.355 1099.352 1099.349 1099.346 1099.342 1099.339 1099.336 1099.332 1099.329 1099.326 1099.322 1099.319 1099.316 1099.313 1099.309 1099.306 1099.303 1099.299 1099.296 1099.293 1099.289 1099.286 1099.283 1099.28 1099.276 1099.273 1099.27 1099.266 1099.263 1099.26 1099.257 1099.253 1099.25 1099.247 1099.243 1099.24 1099.237 1099.233 1099.23 1099.227 1099.224 1099.22
1099.358 1099.355 1099.352 1099.348 1099.345 1099.342 1099.338 1099.335 1099.332 1099.328 1099.325 1099.322 1099.319 1099.315 1099.312 1099.309 1099.305 1099.302 1099.299 1099.295 1099.292 1099.289 1099.285 1099.282 1099.279 1099.276 1099.272 1099.269 1099.266 1099.262 1099.259 1099.256 1099.252 1099.249 1099.246 1099.243 1099.239 1099.236 1099.233 1099.229 1099.226 1099.223 1099.219 1099.216 1099.213 1099.21 1099.206 1099.203 1099.2 1099.196 1099.193 1099.19 1099.187 1099.183 1099.18 1099.177 1099.173 1099.17 1099.167 1099.163 1099.16 1099.157 1099.154
1099.292 1099.288 1099.285 1099.281 1099.279 1099.275 1099.271 1099.269 1099.265 1099.261 1099.259 1099.255 1099.252 1099.249 1099.245 1099.242 1099.239 1099.235 1099.232 1099.229 1099.225 1099.222 1099.219 1099.215 1099.213 1099.209 1099.206 1099.203 1099.199 1099.196 1099.193 1099.189 1099.186 1099.182 1099.18 1099.176 1099.172 1099.17 1099.166 1099.162 1099.16 1099.156 1099.152 1099.15 1099.146 1099.143 1099.14 1099.136 1099.133 1099.13 1099.126 1099.124 1099.12 1099.116 1099.114 1099.11 1099.107 1099.104 1099.1 1099.097 1099.094 1099.09 1099.087
1099.225 1099.222 1099.218 1099.215 1099.212 1099.208 1099.205 1099.202 1099.198 1099.195 1099.192 1099.189 1099.185 1099.182 1099.179 1099.175 1099.172 1099.169 1099.165 1099.162 1099.159 1099.155 1099.152 1099.149 1099.146 1099.142 1099.139 1099.136 1099.132 1099.129 1099.126 1099.122 1099.119 1099.116 1099.113 1099.109 1099.106 1099.103 1099.099 1099.096 1099.093 1099.089 1099.086 1099.083 1099.08 1099.076 1099.073 1099.07 1099.066 1099.063 1099.06 1099.057 1099.053 1099.05 1099.047 1099.043 1099.04 1099.037 1099.033 1099.03 1099.027 1099.024 1099.02
1097.919 1097.913 1097.908 1097.905 1097.898 1097.894 1097.888 1097.885 1097.878 1097.873 1097.869 1097.865 1097.859 1097.854 1097.849 1097.845 1097.839 1097.834 1097.829 1097.825 1097.819 1097.814 1097.809 1097.806 1097.799 1097.794 1097.789 1097.786 1097.78 1097.774 1097.77 1097.766 1097.76 1097.755 1097.75 1097.746 1097.74 1097.735 1097.73 1097.727 1097.72 1097.715 1097.71 1097.707 1097.7 1097.696 1097.69 1097.687 1097.681 1097.675 1097.67 1097.667 1097.661 1097.656 1097.652 1097.646 1097.641 1097.636 1097.633 1097.625 1097.621 1097.616 1097.613
