SIN0=(3.444801,1.5,-2.19,MASK0)
SIN1=(1.230607,2.5,2.11,MASK0)
SIN2=(0.564026,3.5,-0.23,MASK0)
SIN3=(0.34192,4.5,0.14,MASK0)
SIN4=(0.28314,5.5,-1.6,MASK0)
SIN5=(0.144589,6.5,1.83,MASK0)
SIN6=(0.036791,7.5,0.53,MASK0)
SIN7=(0.064822,8.5,0.57,MASK0)
SIN8=(0.024641,9.5,-0.9,MASK0)
SIN9=(0.013852,10.0,1.63,MASK0)
SIN10=(0.018171,11.0,1.7,MASK0)
SIN11=(0.015282,12.5,-1.28,MASK0)
SIN12=(0.014511,13.5,1.33,MASK0)
SIN13=(0.008286,14.0,1.98,MASK0)
SIN14=(0.013229,15.5,0.44,MASK0)
SIN15=(0.005676,16.5,-0.54,MASK0)
SIN16=(0.004556,17.0,1.8,MASK0)
SIN17=(0.005542,18.0,1.73,MASK0)
SIN18=(0.003514,19.5,-0.86,MASK0)
SIN19=(0.00505,20.5,1.03,MASK0)
SIN20=(0.003608,21.0,1.96,MASK0)
SIN21=(0.005542,18.0,1.73,MASK0)
SIN22=(0.004556,17.0,1.8,MASK0)
SIN23=(0.005676,16.5,-0.54,MASK0)
SIN24=(0.013229,15.5,0.44,MASK0)
SIN25=(0.008286,14.0,1.98,MASK0)
SIN26=(0.014511,13.5,1.33,MASK0)
SIN27=(0.015282,12.5,-1.28,MASK0)
SIN28=(0.018171,11.0,1.7,MASK0)
SIN29=(0.013852,10.0,1.63,MASK0)
SIN30=(0.024641,9.5,-0.9,MASK0)
SIN31=(0.064822,8.5,0.57,MASK0)
SIN32=(0.036791,7.5,0.53,MASK0)
SIN33=(0.144589,6.5,1.83,MASK0)
SIN34=(0.28314,5.5,-1.6,MASK0)
SIN35=(0.34192,4.5,0.14,MASK0)
SIN36=(0.564026,3.5,-0.23,MASK0)
SIN37=(1.230607,2.5,2.11,MASK0)
SIN38=(3.444801,1.5,-2.19,MASK0)

