SIN0=(3.909203,1.5,0.87,MASK0)
SIN1=(1.238131,2.5,-0.83,MASK0)
SIN2=(0.664367,3.5,2.66,MASK0)
SIN3=(0.38061,4.5,-2.82,MASK0)
SIN4=(0.287431,5.5,1.43,MASK0)
SIN5=(0.142031,6.5,-1.24,MASK0)
SIN6=(0.03617,7.5,-2.55,MASK0)
SIN7=(0.063465,8.5,-2.53,MASK0)
SIN8=(0.024708,9.5,2.2,MASK0)
SIN9=(0.01306,10.0,-1.49,MASK0)
SIN10=(0.018689,11.0,-1.31,MASK0)
SIN11=(0.01435,12.5,1.77,MASK0)
SIN12=(0.01469,13.5,-1.72,MASK0)
SIN13=(0.008259,14.5,-2.64,MASK0)
SIN14=(0.013149,15.5,-2.63,MASK0)
SIN15=(0.005383,16.5,2.54,MASK0)
SIN16=(0.004413,17.0,-1.19,MASK0)
SIN17=(0.005632,18.0,-1.25,MASK0)
SIN18=(0.002866,19.5,2.25,MASK0)
SIN19=(0.005286,20.5,-1.98,MASK0)
SIN20=(0.003676,21.0,-1.01,MASK0)
SIN21=(0.005632,18.0,-1.25,MASK0)
SIN22=(0.004413,17.0,-1.19,MASK0)
SIN23=(0.005383,16.5,2.54,MASK0)
SIN24=(0.013149,15.5,-2.63,MASK0)
SIN25=(0.008259,14.5,-2.64,MASK0)
SIN26=(0.01469,13.5,-1.72,MASK0)
SIN27=(0.01435,12.5,1.77,MASK0)
SIN28=(0.018689,11.0,-1.31,MASK0)
SIN29=(0.01306,10.0,-1.49,MASK0)
SIN30=(0.024708,9.5,2.2,MASK0)
SIN31=(0.063465,8.5,-2.53,MASK0)
SIN32=(0.03617,7.5,-2.55,MASK0)
SIN33=(0.142031,6.5,-1.24,MASK0)
SIN34=(0.287431,5.5,1.43,MASK0)
SIN35=(0.38061,4.5,-2.82,MASK0)
SIN36=(0.664367,3.5,2.66,MASK0)
SIN37=(1.238131,2.5,-0.83,MASK0)
SIN38=(3.909203,1.5,0.87,MASK0)

