SIN0=(2.983973,1.5,-2.14,MASK0)
SIN1=(1.242676,2.5,1.95,MASK0)
SIN2=(0.502519,3.0,1.49,MASK0)
SIN3=(0.310804,4.0,1.63,MASK0)
SIN4=(0.280328,5.5,-1.51,MASK0)
SIN5=(0.147183,6.5,1.79,MASK0)
SIN6=(0.037482,7.5,0.47,MASK0)
SIN7=(0.066179,8.5,0.56,MASK0)
SIN8=(0.024574,9.5,-0.91,MASK0)
SIN9=(0.014657,10.0,1.64,MASK0)
SIN10=(0.017828,11.0,1.6,MASK0)
SIN11=(0.016317,12.5,-1.17,MASK0)
SIN12=(0.014331,13.5,1.28,MASK0)
SIN13=(0.008377,14.0,1.89,MASK0)
SIN14=(0.0134,15.0,2.01,MASK0)
SIN15=(0.00598,16.5,-0.54,MASK0)
SIN16=(0.004753,17.0,1.69,MASK0)
SIN17=(0.005531,18.0,1.61,MASK0)
SIN18=(0.004163,19.5,-0.85,MASK0)
SIN19=(0.004839,20.5,0.88,MASK0)
SIN20=(0.003604,21.0,1.83,MASK0)
SIN21=(0.005531,18.0,1.61,MASK0)
SIN22=(0.004753,17.0,1.69,MASK0)
SIN23=(0.00598,16.5,-0.54,MASK0)
SIN24=(0.0134,15.0,2.01,MASK0)
SIN25=(0.008377,14.0,1.89,MASK0)
SIN26=(0.014331,13.5,1.28,MASK0)
SIN27=(0.016317,12.5,-1.17,MASK0)
SIN28=(0.017828,11.0,1.6,MASK0)
SIN29=(0.014657,10.0,1.64,MASK0)
SIN30=(0.024574,9.5,-0.91,MASK0)
SIN31=(0.066179,8.5,0.56,MASK0)
SIN32=(0.037482,7.5,0.47,MASK0)
SIN33=(0.147183,6.5,1.79,MASK0)
SIN34=(0.280328,5.5,-1.51,MASK0)
SIN35=(0.310804,4.0,1.63,MASK0)
SIN36=(0.502519,3.0,1.49,MASK0)
SIN37=(1.242676,2.5,1.95,MASK0)
SIN38=(2.983973,1.5,-2.14,MASK0)

